0
1
10
100
102
103
104
106
108
109
11
111
113
115
116
117
118
119
12
120
121
122
123
125
126
127
129
13
130
131
132
134
135
137
139
14
141
143
144
145
146
147
15
150
151
152
153
155
156
157
159
160
161
162
164
165
166
167
169
170
171
172
173
174
175
176
177
178
18
180
181
182
183
184
185
186
188
189
19
190
191
192
194
195
197
198
199
2
20
201
202
203
204
205
206
207
208
209
21
210
212
213
216
217
219
22
220
221
222
223
224
225
228
229
23
231
232
234
235
236
239
240
241
242
243
244
245
247
25
250
251
252
253
254
256
258
259
26
260
262
263
264
265
266
268
269
27
270
271
272
273
274
275
276
278
279
28
280
29
3
31
33
34
35
36
37
38
39
4
40
41
42
43
44
45
46
47
48
49
5
50
51
52
53
56
57
58
59
6
61
62
63
64
65
66
68
69
7
70
71
72
73
74
75
76
77
8
80
81
83
84
85
86
87
88
89
90
91
92
93
94
95
96
97
98
99
